My prediction, official prediction, actual demand
804256.9577693939, 618899, 625818.0
791676.7120361328, 669908, 679793.0000000001
778976.7503738403, 665578, 682931.0
766200.1550197601, 614229, 640322.0
753390.9380435944, 610484, 629903.0
829890.5789852142, 690868, 686590.0
817667.156457901, 694279, 698896.0
805249.7863769531, 689302, 700822.9999999999
792678.3740520477, 692055, 705467.0
779994.5294857025, 675918, 694615.0000000001
767241.3349151611, 629156, 641274.0
754462.5699520111, 613025, 634482.0
830790.501832962, 688961, 693633.0
818592.0298099518, 691567, 698942.0
806207.6687812805, 698568, 710937.0
793677.0915985107, 713576, 734555.9999999999
781041.7532920837, 693667, 712900.0
768344.4261550903, 648331, 659675.0
755628.1924247742, 627557, 648499.0
831583.958864212, 689186, 710216.0
819440.6569004059, 703809, 711825.0000000001
807120.4543113708, 693688, 695255.0
794662.6365184784, 689066, 700998.0
782108.0386638641, 673005, 685324.0
769498.6581802368, 626236, 630909.0
756876.7249584198, 601080, 623376.0
832263.5114192963, 676852, 687055.0
820205.1341533661, 690425, 694691.0
807979.7744750977, 690711, 698303.0000000001
795626.0204315186, 685966, 696970.0
783183.5448741913, 673632, 687234.0
756977.8442382812, 619540, 637275.0
744178.5454750061, 604763, 619204.0
820917.5407886505, 688379, 708839.0
808605.3967475891, 695979, 730294.0
796115.4222488403, 720716, 730758.9999999999
783487.7550601959, 712317, 711640.0
770764.547586441, 694242, 696813.0
757989.1920089722, 622887, 644764.0
745205.157995224, 617441, 634899.0
821885.883808136, 681662, 702496.0
809585.5951309204, 687331, 702383.0
797114.4497394562, 695348, 693123.0
784513.1278038025, 690898, 694035.0
771823.3942985535, 673602, 686484.0
759088.3314609528, 619926, 625733.0
746351.021528244, 596278, 601888.0
822772.7115154266, 647862, 645401.0
810514.7302150726, 670537, 677180.0
798094.1832065582, 675490, 680395.0
785551.130771637, 680463, 679950.0
772927.0279407501, 674605, 679245.0
760264.1820907593, 619537, 627241.0
747605.0555706024, 588657, 600029.0
823568.4931278229, 664725, 670032.0
811383.3487033844, 674294, 676213.0
799044.4719791412, 669767, 675565.0
786591.225862503, 679244, 685031.0
774064.4454956055, 673370, 685364.0
761505.1984786987, 619449, 611224.0
735235.3394031525, 609549, 610870.0
812129.4617652893, 651625, 676301.0
799739.5992279053, 674361, 682943.0
787190.3479099274, 674948, 681592.0
774522.7754116058, 680767, 685342.0
761779.0341377258, 669491, 674721.0
749002.593755722, 633135, 629806.0
736236.5365028381, 524667, 580812.0
813128.1793117523, 627391, 678958.0
800745.290517807, 647046, 696182.0
788209.9866867065, 675102, 681357.9999999999
775563.257932663, 676270, 697448.0000000001
762847.2566604614, 668443, 687502.0
750105.0651073456, 631565, 642876.0
737379.2231082916, 609190, 613863.0
814068.5498714447, 695591, 694759.0
801723.7067222595, 681359, 674862.0
789234.0421676636, 689146, 688138.0
776640.0814056396, 669847, 671584.0
763983.5894107819, 656891, 644578.0
751306.95104599, 590185, 600989.0
738652.241230011, 571955, 582236.0
814939.957857132, 651336, 626910.0
802663.8448238373, 663254, 639880.0
790250.9689331055, 640345, 629216.0
777741.4679527283, 631497, 624195.0
765176.0220527649, 615388, 618952.0
752596.1637496948, 576324, 590708.0
740042.8831577301, 548411, 562303.0
815733.414888382, 615225, 605368.0
803556.0965538025, 626804, 616759.0
777919.4533824921, 612047, 602510.0
765223.6759662628, 601392, 602022.0
752469.7840213776, 587249, 589420.0
739700.7048130035, 563470, 577659.0
726959.5980644226, 567312, 581006.0
803994.4350719452, 626595, 631891.0
791534.6026420593, 624710, 625122.0
778939.4795894623, 630000, 622910.0
766250.2110004425, 626508, 638590.0
753509.4141960144, 607111, 607424.0
740759.7839832306, 545192, 549073.0
728044.1701412201, 530437, 545165.0
804990.3631210327, 603109, 584772.0
792555.0937652588, 608949, 583722.0
779991.352558136, 606067, 591269.0
767340.362071991, 597082, 589327.0
754644.0422534943, 584482, 594617.0
741944.8554515839, 541951, 564625.0
729284.6441268921, 531386, 536998.0
805943.4413909912, 608866, 595691.0
793563.961982727, 605166, 592833.0
781063.2169246674, 630599, 622560.0
768481.8863868713, 668759, 660343.0
755861.4253997803, 711059, 703853.0
743243.3664798737, 683936, 684765.9999999999
730668.5447692871, 641130, 633791.0
806842.8993225098, 697768, 674770.0000000001
794549.5843887329, 723238, 721439.0
782142.8298950195, 694166, 706599.0
769662.2312068939, 697511, 685306.0
743294.4297790527, 671039, 650618.0
730548.0539798737, 601749, 616929.0
717847.7823734283, 586278, 585667.0
794920.8199977875, 662557, 662875.0000000001
782398.8437652588, 694330, 709444.0
769760.0185871124, 721175, 740128.0
757046.0319519043, 771968, 765015.0
744299.4236946106, 774252, 762873.0
731562.7336502075, 711474, 688239.0
718878.1917095184, 646420, 629860.0
795946.6576576233, 659865, 667610.0
783439.8686885834, 617848, 655280.9999999999
770822.8945732117, 635419, 651118.0
758137.1903419495, 649025, 652874.0
745424.7534275055, 652737, 660461.0
732727.9686927795, 636647, 643111.0
720088.2136821747, 624580, 620204.0
796955.2159309387, 654087, 644671.0
784495.1510429382, 632638, 630394.0
771931.5648078918, 628851, 636333.0
759305.4473400116, 656226, 673115.0
746658.2536697388, 655287, 661075.0
734031.5163135529, 619144, 610528.0
721465.7604694366, 646787, 620793.0
797934.4844818115, 737752, 720259.0000000001
785552.0606040955, 851399, 848276.0
773072.9341506958, 871582, 876211.0
760537.3978614807, 876428, 839246.0
747985.8994483948, 780411, 762293.0000000001
735458.8866233826, 665018, 669018.0
722995.9547519684, 644059, 643833.0
785640.0072574615, 743741, 739633.0
773069.6797370911, 835461, 809399.9999999999
760400.402545929, 890094, 901043.0
747674.2506027222, 868712, 864900.0
734933.6087703705, 768134, 728021.0
722220.9393978119, 649424, 637532.0
709577.6200294495, 599938, 598052.0
786676.0730743408, 690497, 689335.0
774106.9853305817, 772992, 792024.0
761445.5342292786, 829692, 873843.0
748733.4847450256, 849175, 867203.0
736012.9117965698, 756782, 754468.0
723325.7353305817, 655885, 664533.0
710713.1779193878, 645592, 660475.0
787723.0644226074, 745531, 751853.0
775186.9082450867, 731838, 731311.0
762564.6650791168, 761957, 744566.0
749897.7899551392, 793382, 775755.0
737227.5829315186, 777457, 783356.0
724595.5765247345, 730039, 732497.0
712041.985988617, 742546, 729995.0
788768.0411338806, 838679, 833019.0000000001
776296.1208820343, 848512, 856866.0
763744.3900108337, 855669, 860944.0
751153.3737182617, 861149, 855978.0
738563.8296604156, 849467, 859645.0
726016.1280632019, 769809, 797426.0000000001
713549.7093200684, 686950, 679422.0
789798.3729839325, 741986, 737335.0
777421.1406707764, 755227, 786052.0
751174.1399765015, 778139, 787029.0
738449.6927261353, 786047, 778041.0
725729.9721240997, 726789, 761164.0000000001
713056.743144989, 763659, 771064.0
700470.8409309387, 795636, 794487.0000000001
777495.139837265, 861580, 856483.0
764880.0253868103, 847980, 848716.0
752191.686630249, 852170, 853666.0000000001
739471.8885421753, 877347, 873446.0
726762.7835273743, 906950, 917564.0
714105.8266162872, 885923, 931012.0
701541.3105487823, 911741, 915093.9999999999
778560.0304603577, 948477, 943297.0000000001
765968.39427948, 883787, 878940.0
753309.6551895142, 858165, 862048.0
740625.2682209015, 866217, 848263.0
727956.5334320068, 867001, 851200.0
715344.4409370422, 824259, 825073.0
702828.586101532, 810965, 791139.0
779649.2516994476, 872971, 844737.0000000001
767112.6306056976, 853385, 846338.0
754514.6405696869, 822970, 816772.0
741896.0392475128, 809733, 801177.0
729297.3518371582, 792952, 807613.0
716758.7161064148, 765713, 786280.0000000001
704318.9525604248, 787657, 787700.0
780749.2434978485, 874357, 854826.0
768298.3994483948, 876937, 856683.0
755791.6104793549, 895792, 859431.0
743268.7819004059, 937327, 893159.0000000001
730769.3541049957, 961512, 923476.0
703812.1938705444, 914556, 860980.0
691295.4092025757, 858206, 822908.0
768130.3322315216, 927818, 896915.0
755481.8987846375, 870074, 861134.0
742778.6827087402, 821748, 812856.0
730062.6814365387, 783846, 796659.0
717375.5049705505, 793262, 815712.0000000001
704758.220911026, 788945, 800095.0
692250.5795955658, 804910, 796725.0
769187.0093345642, 870373, 872574.0000000001
756548.261642456, 859531, 853678.0000000001
743860.7752323151, 886738, 895690.0
731166.0826206207, 959590, 963042.0000000001
718505.5613517761, 1048073, 1053335.0
705919.6591377258, 1031290, 1054910.0
693447.1964836121, 1012449, 1020082.0
770296.8418598175, 1119102, 1078599.0
757699.2392539978, 1140789, 1100776.0
745058.399438858, 1098580, 1095694.0
732415.3900146484, 1077741, 1026954.0
719810.5037212372, 1050049, 1011928.0
707283.5683822632, 920559, 981659.0
694872.7071285248, 943854, 946685.0
771445.7273483276, 1029083, 1019607.0
758920.3417301178, 1023222, 985418.0
746356.7554950714, 1025841, 962845.0
733794.9514389038, 979995, 945746.0
721274.5249271393, 932477, 912275.0
708834.2189788818, 845247, 820709.0
696511.1494064331, 800329, 774036.0
772618.9434528351, 865532, 846867.0
746093.6903953552, 854356, 835755.0
733391.1716938019, 840264, 835428.0
720693.9995288849, 866522, 868807.0
708043.9388751984, 941254, 919693.0000000001
695481.127500534, 1008477, 998556.0
683044.4633960724, 1082547, 1060590.0
759782.6838493347, 1055874, 997745.0
747112.3218536377, 1011792, 904085.0
734411.9727611542, 893384, 838452.0000000001
721722.8591442108, 851226, 785562.0
709086.3585472107, 829682, 779811.0
696542.0663356781, 760776, 750836.0
684128.2606124878, 734867, 731747.0000000001
760887.4797821045, 803336, 817519.0000000001
748244.4703578949, 825168, 831873.0
735576.742887497, 847339, 851548.0
722925.4424571991, 831934, 854367.0
710330.7843208313, 816641, 866805.0000000001
697831.8989276886, 753217, 798591.0
685466.2895202637, 739026, 754294.0
762060.2309703827, 789461, 818022.0
749475.6460189819, 786602, 827078.0
736871.2246417999, 815439, 824584.0
724286.949634552, 820588, 839415.0
711762.4163627625, 784530, 803901.0
699335.6704711914, 755665, 762330.9999999999
687043.5178279877, 775902, 774068.0
763285.7501506805, 902364, 890688.0
750790.0416851044, 921753, 905088.9999999999
738278.4485816956, 956623, 940365.0
711513.8411521912, 963214, 949612.0
698913.3715629578, 935613, 920367.9999999999
686418.0505275726, 843370, 833431.0
674065.6137466431, 781946, 787182.0000000001
750523.1022834778, 838806, 831650.9999999999
737836.7781639099, 819709, 811000.0
725139.7609710693, 770897, 785321.0
712473.4282493591, 726229, 745272.0
699878.1502246857, 706642, 728580.0
687393.3672904968, 663991, 687273.0
675056.0402870178, 650591, 665447.0
751611.7811203003, 791407, 777134.0
738943.3562755585, 816564, 829595.0
726269.8948383331, 829109, 840171.0
713631.9994926453, 850614, 848989.0
701069.575548172, 856488, 856794.0
688621.0560798645, 777379, 772778.0
676322.9370117188, 730281, 725558.9999999999
752795.3803539276, 776210, 771274.9999999999
740176.1591434479, 771410, 758340.0000000001
727556.2405586243, 761852, 755609.0
714975.7623672485, 733762, 724171.0
702473.5450744629, 696963, 706579.0
690087.1694087982, 644516, 654580.0
677852.4339199066, 608206, 623303.0
754058.5577487946, 660188, 647754.0
741518.9146995544, 674770, 659164.0
728982.0611476898, 667090, 668758.0
716487.2050285339, 668284, 684241.0
704072.1595287323, 670462, 682093.0
691773.6530303955, 633314, 634163.0
665077.3882865906, 584755, 647100.0
741133.576631546, 651431, 686411.0000000001
728444.6954727173, 650433, 693607.0000000001
715763.4079456329, 695680, 705961.0
703130.7816505432, 725224, 719753.0
690586.8768692017, 680585, 690259.0
678170.3591346741, 633881, 618149.0
665917.181968689, 614513, 609227.0
742169.7974205017, 673331, 680828.0
729485.3329658508, 671456, 695306.0
716814.3510818481, 683027, 682834.9999999999
704197.3769664764, 688590, 685205.0
691673.9284992218, 683434, 693742.0
679281.6638946533, 617906, 630127.0
667056.2267303467, 612761, 611665.0
743329.8408985138, 690366, 674763.0
730680.787563324, 691088, 686440.0
718049.7884750366, 679146, 678571.0
705476.8264293671, 668952, 684541.0
693000.4119873047, 677151, 687657.0
680657.5059890747, 620405, 642997.0
668482.8221797943, 617412, 625982.0
744598.9072322845, 681167, 687618.0
732015.5620574951, 677761, 693149.0
719453.9129734039, 682084, 688830.0
706952.7804851532, 610001, 631677.0
694549.822807312, 622574, 636590.0
682280.9159755707, 634930, 641001.0
670180.0763607025, 615928, 635631.0
745959.7945213318, 696602, 704379.0
719243.460893631, 695187, 713666.0
706590.2233123779, 707104, 710929.0
694004.1661262512, 709507, 706411.0
681524.5747566223, 691860, 712679.0
669189.1849040985, 651448, 672457.0
657033.097743988, 642280, 649680.0
732904.4044017792, 716511, 719081.0
720220.3273773193, 706863, 710800.0
707568.7944889069, 710691, 710428.0
694990.1759624481, 698829, 710699.0000000001
682523.1373310089, 704271, 726306.0
670204.6394348145, 657983, 686200.0
658069.0860748291, 666232, 664551.0
734035.6230735779, 712290, 708250.0
721377.7363300323, 723316, 722365.0
708757.2753429413, 710607, 722705.0
696213.7579917908, 714010, 717434.0
683785.1524353027, 698430, 713341.0
671507.4121952057, 648365, 673589.0
659414.2436981201, 636300, 661325.0
735302.8297424316, 700303, 710090.0
722701.4303207397, 708721, 709004.0
710140.8660411835, 710805, 715896.0000000001
697659.7249507904, 703015, 693724.0
685295.045375824, 632593, 630411.0
673081.773519516, 621648, 625204.0
661052.9959201813, 614633, 638110.0
736688.8225078583, 709654, 702470.9999999999
724173.2776165009, 721722, 690294.0
711700.8149623871, 704688, 693702.0
699308.705329895, 670784, 667927.0
